[[[107 203 149]
  [107 203 149]
  [105 203 149]
  ...
  [ 60 190 113]
  [ 60 190 113]
  [ 60 190 113]]

 [[102 198 144]
  [102 198 144]
  [101 199 145]
  ...
  [ 56 188 112]
  [ 56 188 112]
  [ 56 188 112]]

 [[100 196 142]
  [100 196 142]
  [ 98 196 142]
  ...
  [ 56 188 112]
  [ 56 188 112]
  [ 56 188 112]]

 ...

 [[191 224 189]
  [177 214 188]
  [147 192 175]
  ...
  [ 56 179  81]
  [ 62 168  75]
  [123 210 160]]

 [[215 237 212]
  [193 226 199]
  [144 195 158]
  ...
  [ 49 173  67]
  [ 49 158  56]
  [111 199 139]]

 [[239 251 233]
  [209 236 210]
  [158 212 165]
  ...
  [ 52 178  66]
  [ 54 163  55]
  [102 192 127]]]
