[[[107 203 149]
  [107 203 149]
  [106 203 149]
  ...
  [ 60 190 113]
  [ 60 190 113]
  [ 60 190 113]]

 [[103 199 145]
  [103 199 145]
  [103 200 145]
  ...
  [ 57 188 112]
  [ 57 188 112]
  [ 57 188 112]]

 [[101 197 143]
  [101 197 143]
  [100 197 143]
  ...
  [ 56 188 112]
  [ 56 188 112]
  [ 56 188 112]]

 ...

 [[201 229 198]
  [188 221 194]
  [161 204 178]
  ...
  [ 55 171  72]
  [ 72 174  88]
  [118 205 151]]

 [[221 240 217]
  [203 231 206]
  [168 211 177]
  ...
  [ 50 168  62]
  [ 65 169  76]
  [109 197 136]]

 [[239 251 233]
  [216 240 216]
  [179 222 184]
  ...
  [ 53 172  61]
  [ 66 170  73]
  [102 192 127]]]
