[[[107 203 149]
  [104 200 146]
  [106 202 148]
  ...
  [ 56 188 112]
  [ 58 189 112]
  [ 56 188 112]]

 [[107 203 149]
  [104 200 146]
  [105 202 148]
  ...
  [ 56 188 112]
  [ 58 189 112]
  [ 56 188 112]]

 [[102 198 144]
  [101 197 143]
  [101 197 143]
  ...
  [ 56 188 112]
  [ 55 187 111]
  [ 56 188 112]]

 ...

 [[179 215 188]
  [188 221 194]
  [152 196 175]
  ...
  [ 50 162  60]
  [106 197 135]
  [100 192 125]]

 [[204 231 205]
  [214 237 213]
  [171 212 180]
  ...
  [ 52 169  60]
  [ 78 177  94]
  [ 77 177  90]]

 [[193 226 199]
  [201 231 204]
  [146 197 159]
  ...
  [ 53 162  55]
  [106 195 133]
  [102 192 127]]]
