[[[107.   203.   149.  ]
  [107.   203.   149.  ]
  [107.   203.   149.  ]
  ...
  [152.5  210.   160.5 ]
  [152.   211.   161.  ]
  [150.5  210.5  160.5 ]]

 [[104.5  200.5  146.5 ]
  [104.5  200.5  146.5 ]
  [104.5  200.5  146.5 ]
  ...
  [149.75 208.   158.25]
  [149.5  208.5  158.5 ]
  [147.75 208.25 158.25]]

 [[102.   198.   144.  ]
  [102.   198.   144.  ]
  [102.   198.   144.  ]
  ...
  [147.   206.   156.  ]
  [147.   206.   156.  ]
  [145.   206.   156.  ]]

 ...

 [[ 69.   187.   118.5 ]
  [ 68.25 187.75 119.25]
  [ 67.5  188.5  120.  ]
  ...
  [ 99.   192.25 123.  ]
  [ 95.5  191.   121.5 ]
  [ 91.5  190.5  119.5 ]]

 [[ 70.   187.   118.  ]
  [ 70.   188.   119.  ]
  [ 70.   189.   120.  ]
  ...
  [103.5  194.5  125.5 ]
  [100.   193.   124.  ]
  [ 95.5  192.   121.5 ]]

 [[ 66.5  187.   117.5 ]
  [ 67.   188.25 118.75]
  [ 67.5  189.5  120.  ]
  ...
  [106.75 195.75 127.  ]
  [103.5  194.5  125.5 ]
  [ 99.25 193.25 123.  ]]]
