[[[104 200 146]
  [101 201 146]
  [ 97 200 145]
  ...
  [ 55 188 115]
  [ 58 189 112]
  [ 58 189 112]]

 [[101 197 143]
  [ 98 197 143]
  [ 93 196 141]
  ...
  [ 53 185 114]
  [ 56 188 114]
  [ 56 188 114]]

 [[102 198 144]
  [ 99 198 144]
  [ 94 197 142]
  ...
  [ 55 186 117]
  [ 57 189 120]
  [ 57 189 120]]

 ...

 [[162 190 199]
  [171 208 206]
  [103 194 149]
  ...
  [ 54 172  36]
  [ 67 180  85]
  [113 203 143]]

 [[154 196 161]
  [153 193 207]
  [134 196 196]
  ...
  [ 54 163  56]
  [ 65 188 117]
  [113 206 148]]

 [[194 225 197]
  [136 192 161]
  [105 188 139]
  ...
  [ 47 166  79]
  [ 57 183  94]
  [ 86 183 107]]]
